Coeff,Alpha,Rd,Rf,n_scenarios,OptimizedX,OptimizedY,ObjVal,AvgLoss,StdDevLoss,OptimizationTime
0.0001; 0.68; 0.08; 0.02; 1000; 0; [1100601, 0, 0, 0, 0]; 292101; 39603; 10718; 1.494
0.0001; 0.68; 0.08; 0.02; 5000; 0; [1098169, 0, 0, 0, 0]; 293321; 39786; 10335; 70.696
0.0001; 0.68; 0.08; 0.02; 10000; 0; [1101163, 0, 0, 0, 0]; 292595; 39653; 10695; 274.778
0.0001; 0.68; 0.05; 0.05; 1000; 1000000; [0, 0, 0, 0, 0]; 50452; 0; 0; 0.196
0.0001; 0.68; 0.05; 0.05; 5000; 1000000; [0, 0, 0, 0, 0]; 50452; 0; 0; 1.004
0.0001; 0.68; 0.05; 0.05; 10000; 1000000; [0, 0, 0, 0, 0]; 50452; 0; 0; 2.145
0.0001; 0.68; 0.02; 0.08; 1000; 1000000; [0, 0, 0, 0, 0]; 105749; -58235; 0; 0.19
0.0001; 0.68; 0.02; 0.08; 5000; 1000000; [0, 0, 0, 0, 0]; 105749; -58235; 0; 0.959
0.0001; 0.68; 0.02; 0.08; 10000; 1000000; [0, 0, 0, 0, 0]; 105749; -58235; 0; 2.008
0.0001; 0.95; 0.08; 0.02; 1000; 1000000; [0, 0, 0, 0, 0]; 103704; 61836; 0; 0.19
0.0001; 0.95; 0.08; 0.02; 5000; 1000000; [0, 0, 0, 0, 0]; 103704; 61836; 0; 1.063
0.0001; 0.95; 0.08; 0.02; 10000; 1000000; [0, 0, 0, 0, 0]; 103704; 61836; 0; 2.371
0.0001; 0.95; 0.05; 0.05; 1000; 1000000; [0, 0, 0, 0, 0]; 155900; 0; 0; 0.174
0.0001; 0.95; 0.05; 0.05; 5000; 1000000; [0, 0, 0, 0, 0]; 155900; 0; 0; 1.008
0.0001; 0.95; 0.05; 0.05; 10000; 1000000; [0, 0, 0, 0, 0]; 155900; 0; 0; 2.168
0.0001; 0.95; 0.02; 0.08; 1000; 1000000; [0, 0, 0, 0, 0]; 205057; -58235; 0; 0.165
0.0001; 0.95; 0.02; 0.08; 5000; 1000000; [0, 0, 0, 0, 0]; 205057; -58235; 0; 0.958
0.0001; 0.95; 0.02; 0.08; 10000; 1000000; [0, 0, 0, 0, 0]; 205057; -58235; 0; 2.007
0.0001; 0.99; 0.08; 0.02; 1000; 1000000; [0, 0, 0, 0, 0]; 162751; 61836; 0; 0.184
0.0001; 0.99; 0.08; 0.02; 5000; 1000000; [0, 0, 0, 0, 0]; 162751; 61836; 0; 1.022
0.0001; 0.99; 0.08; 0.02; 10000; 1000000; [0, 0, 0, 0, 0]; 162751; 61836; 0; 2.376
0.0001; 0.99; 0.05; 0.05; 1000; 1000000; [0, 0, 0, 0, 0]; 211509; 0; 0; 0.177
0.0001; 0.99; 0.05; 0.05; 5000; 1000000; [0, 0, 0, 0, 0]; 211509; 0; 0; 0.957
0.0001; 0.99; 0.05; 0.05; 10000; 1000000; [0, 0, 0, 0, 0]; 211509; 0; 0; 2.254
0.0001; 0.99; 0.02; 0.08; 1000; 1000000; [0, 0, 0, 0, 0]; 257427; -58235; 0; 0.171
0.0001; 0.99; 0.02; 0.08; 5000; 1000000; [0, 0, 0, 0, 0]; 257427; -58235; 0; 0.964
0.0001; 0.99; 0.02; 0.08; 10000; 1000000; [0, 0, 0, 0, 0]; 257427; -58235; 0; 2.008
0.001; 0.68; 0.08; 0.02; 1000; 0; [1063294, 0, 0, 0, 0]; 1819637; 40524; 7123; 1.228
0.001; 0.68; 0.08; 0.02; 5000; 0; [1077913, 0, 0, 0, 0]; 1802428; 40109; 8265; 80.366
0.001; 0.68; 0.08; 0.02; 10000; 0; [1077363, 0, 0, 0, 0]; 1801196; 40095; 8259; 3281.587
0.001; 0.68; 0.05; 0.05; 1000; 1000000; [0, 0, 0, 0, 0]; 50452; 0; 0; 0.174
0.001; 0.68; 0.05; 0.05; 5000; 1000000; [0, 0, 0, 0, 0]; 50452; 0; 0; 1.036
0.001; 0.68; 0.05; 0.05; 10000; 1000000; [0, 0, 0, 0, 0]; 50452; 0; 0; 2.132
0.001; 0.68; 0.02; 0.08; 1000; 1000000; [0, 0, 0, 0, 0]; 105749; -58235; 0; 0.163
0.001; 0.68; 0.02; 0.08; 5000; 1000000; [0, 0, 0, 0, 0]; 105749; -58235; 0; 1.008
0.001; 0.68; 0.02; 0.08; 10000; 1000000; [0, 0, 0, 0, 0]; 105749; -58235; 0; 1.992
0.001; 0.95; 0.08; 0.02; 1000; 1000000; [0, 0, 0, 0, 0]; 103704; 61836; 0; 0.178
0.001; 0.95; 0.08; 0.02; 5000; 1000000; [0, 0, 0, 0, 0]; 103704; 61836; 0; 1.042
0.001; 0.95; 0.08; 0.02; 10000; 1000000; [0, 0, 0, 0, 0]; 103704; 61836; 0; 2.354
0.001; 0.95; 0.05; 0.05; 1000; 1000000; [0, 0, 0, 0, 0]; 155900; 0; 0; 0.171
0.001; 0.95; 0.05; 0.05; 5000; 1000000; [0, 0, 0, 0, 0]; 155900; 0; 0; 0.989
0.001; 0.95; 0.05; 0.05; 10000; 1000000; [0, 0, 0, 0, 0]; 155900; 0; 0; 2.192
0.001; 0.95; 0.02; 0.08; 1000; 1000000; [0, 0, 0, 0, 0]; 205057; -58235; 0; 0.165
0.001; 0.95; 0.02; 0.08; 5000; 1000000; [0, 0, 0, 0, 0]; 205057; -58235; 0; 0.946
0.001; 0.95; 0.02; 0.08; 10000; 1000000; [0, 0, 0, 0, 0]; 205057; -58235; 0; 2.036
0.001; 0.99; 0.08; 0.02; 1000; 1000000; [0, 0, 0, 0, 0]; 162751; 61836; 0; 0.185
0.001; 0.99; 0.08; 0.02; 5000; 1000000; [0, 0, 0, 0, 0]; 162751; 61836; 0; 1.087
0.001; 0.99; 0.08; 0.02; 10000; 1000000; [0, 0, 0, 0, 0]; 162751; 61836; 0; 2.373
0.001; 0.99; 0.05; 0.05; 1000; 1000000; [0, 0, 0, 0, 0]; 211509; 0; 0; 0.173
0.001; 0.99; 0.05; 0.05; 5000; 1000000; [0, 0, 0, 0, 0]; 211509; 0; 0; 1.023
0.001; 0.99; 0.05; 0.05; 10000; 1000000; [0, 0, 0, 0, 0]; 211509; 0; 0; 2.174
0.001; 0.99; 0.02; 0.08; 1000; 1000000; [0, 0, 0, 0, 0]; 257427; -58235; 0; 0.169
0.001; 0.99; 0.02; 0.08; 5000; 1000000; [0, 0, 0, 0, 0]; 257427; -58235; 0; 0.952
0.001; 0.99; 0.02; 0.08; 10000; 1000000; [0, 0, 0, 0, 0]; 257427; -58235; 0; 2.063
0.01; 0.68; 0.08; 0.02; 1000; 0; [1071344, 0, 0, 0, 0]; 16931325; 40238; 7838; 0.969
0.01; 0.68; 0.08; 0.02; 5000; 0; [1076132, 0, 0, 0, 0]; 16891800; 40137; 8119; 74.597
0.01; 0.68; 0.08; 0.02; 10000; 0; [1069475, 0, 0, 0, 0]; 16963408; 40348; 7473; 778.102
0.01; 0.68; 0.05; 0.05; 1000; 1000000; [0, 0, 0, 0, 0]; 50452; 0; 0; 0.179
0.01; 0.68; 0.05; 0.05; 5000; 1000000; [0, 0, 0, 0, 0]; 50452; 0; 0; 1.032
0.01; 0.68; 0.05; 0.05; 10000; 1000000; [0, 0, 0, 0, 0]; 50452; 0; 0; 2.209
0.01; 0.68; 0.02; 0.08; 1000; 1000000; [0, 0, 0, 0, 0]; 105749; -58235; 0; 0.171
0.01; 0.68; 0.02; 0.08; 5000; 1000000; [0, 0, 0, 0, 0]; 105749; -58235; 0; 0.973
0.01; 0.68; 0.02; 0.08; 10000; 1000000; [0, 0, 0, 0, 0]; 105749; -58235; 0; 2.056
0.01; 0.95; 0.08; 0.02; 1000; 1000000; [0, 0, 0, 0, 0]; 103704; 61836; 0; 0.18
0.01; 0.95; 0.08; 0.02; 5000; 1000000; [0, 0, 0, 0, 0]; 103704; 61836; 0; 1.117
0.01; 0.95; 0.08; 0.02; 10000; 1000000; [0, 0, 0, 0, 0]; 103704; 61836; 0; 2.489
0.01; 0.95; 0.05; 0.05; 1000; 1000000; [0, 0, 0, 0, 0]; 155900; 0; 0; 0.17
0.01; 0.95; 0.05; 0.05; 5000; 1000000; [0, 0, 0, 0, 0]; 155900; 0; 0; 1.041
0.01; 0.95; 0.05; 0.05; 10000; 1000000; [0, 0, 0, 0, 0]; 155900; 0; 0; 2.109
0.01; 0.95; 0.02; 0.08; 1000; 1000000; [0, 0, 0, 0, 0]; 205057; -58235; 0; 0.275
0.01; 0.95; 0.02; 0.08; 5000; 1000000; [0, 0, 0, 0, 0]; 205057; -58235; 0; 0.987
0.01; 0.95; 0.02; 0.08; 10000; 1000000; [0, 0, 0, 0, 0]; 205057; -58235; 0; 1.947
0.01; 0.99; 0.08; 0.02; 1000; 1000000; [0, 0, 0, 0, 0]; 162751; 61836; 0; 0.183
0.01; 0.99; 0.08; 0.02; 5000; 1000000; [0, 0, 0, 0, 0]; 162751; 61836; 0; 1.124
0.01; 0.99; 0.08; 0.02; 10000; 1000000; [0, 0, 0, 0, 0]; 162751; 61836; 0; 2.482
0.01; 0.99; 0.05; 0.05; 1000; 1000000; [0, 0, 0, 0, 0]; 211509; 0; 0; 0.173
0.01; 0.99; 0.05; 0.05; 5000; 1000000; [0, 0, 0, 0, 0]; 211509; 0; 0; 0.925
0.01; 0.99; 0.05; 0.05; 10000; 1000000; [0, 0, 0, 0, 0]; 211509; 0; 0; 2.277
0.01; 0.99; 0.02; 0.08; 1000; 1000000; [0, 0, 0, 0, 0]; 257427; -58235; 0; 0.164
0.01; 0.99; 0.02; 0.08; 5000; 1000000; [0, 0, 0, 0, 0]; 257427; -58235; 0; 1.017
0.01; 0.99; 0.02; 0.08; 10000; 1000000; [0, 0, 0, 0, 0]; 257427; -58235; 0; 1.99
1; 0.68; 0.08; 0.02; 1000; 0; [1051095, 0, 0, 0, 0]; 1715565697; 41083; 5248; 1.288
1; 0.68; 0.08; 0.02; 5000; 0; [1082026, 0, 0, 0, 0]; 1663296050; 39846; 8689; 61.084
1; 0.68; 0.08; 0.02; 10000; 0; [1068309, 0, 0, 0, 0]; 1686240671; 40402; 7337; 305.691
1; 0.68; 0.05; 0.05; 1000; 1000000; [0, 0, 0, 0, 0]; 50452; 0; 0; 0.172
1; 0.68; 0.05; 0.05; 5000; 1000000; [0, 0, 0, 0, 0]; 50452; 0; 0; 1.068
1; 0.68; 0.05; 0.05; 10000; 1000000; [0, 0, 0, 0, 0]; 50452; 0; 0; 2.159
1; 0.68; 0.02; 0.08; 1000; 1000000; [0, 0, 0, 0, 0]; 105749; -58235; 0; 0.175
1; 0.68; 0.02; 0.08; 5000; 1000000; [0, 0, 0, 0, 0]; 105749; -58235; 0; 1.033
1; 0.68; 0.02; 0.08; 10000; 1000000; [0, 0, 0, 0, 0]; 105749; -58235; 0; 2.028
1; 0.95; 0.08; 0.02; 1000; 1000000; [0, 0, 0, 0, 0]; 103704; 61836; 0; 0.178
1; 0.95; 0.08; 0.02; 5000; 1000000; [0, 0, 0, 0, 0]; 103704; 61836; 0; 1.149
1; 0.95; 0.08; 0.02; 10000; 1000000; [0, 0, 0, 0, 0]; 103704; 61836; 0; 2.415
1; 0.95; 0.05; 0.05; 1000; 1000000; [0, 0, 0, 0, 0]; 155900; 0; 0; 0.324
1; 0.95; 0.05; 0.05; 5000; 1000000; [0, 0, 0, 0, 0]; 155900; 0; 0; 0.924
1; 0.95; 0.05; 0.05; 10000; 1000000; [0, 0, 0, 0, 0]; 155900; 0; 0; 2.194
1; 0.95; 0.02; 0.08; 1000; 1000000; [0, 0, 0, 0, 0]; 205057; -58235; 0; 0.17
1; 0.95; 0.02; 0.08; 5000; 1000000; [0, 0, 0, 0, 0]; 205057; -58235; 0; 1.036
1; 0.95; 0.02; 0.08; 10000; 1000000; [0, 0, 0, 0, 0]; 205057; -58235; 0; 2.056
1; 0.99; 0.08; 0.02; 1000; 1000000; [0, 0, 0, 0, 0]; 162751; 61836; 0; 0.184
1; 0.99; 0.08; 0.02; 5000; 1000000; [0, 0, 0, 0, 0]; 162751; 61836; 0; 1.166
1; 0.99; 0.08; 0.02; 10000; 1000000; [0, 0, 0, 0, 0]; 162751; 61836; 0; 2.433
1; 0.99; 0.05; 0.05; 1000; 1000000; [0, 0, 0, 0, 0]; 211509; 0; 0; 0.176
1; 0.99; 0.05; 0.05; 5000; 1000000; [0, 0, 0, 0, 0]; 211509; 0; 0; 1.108
1; 0.99; 0.05; 0.05; 10000; 1000000; [0, 0, 0, 0, 0]; 211509; 0; 0; 2.207
1; 0.99; 0.02; 0.08; 1000; 1000000; [0, 0, 0, 0, 0]; 257427; -58235; 0; 0.165
1; 0.99; 0.02; 0.08; 5000; 1000000; [0, 0, 0, 0, 0]; 257427; -58235; 0; 1.068
1; 0.99; 0.02; 0.08; 10000; 1000000; [0, 0, 0, 0, 0]; 257427; -58235; 0; 2.033
